0 1 0
0.628319 0.809095 -0.587678
1.25664 0.30927 -0.950974
1.88496 -0.308638 -0.95118
2.51327 -0.808705 -0.588215
3.14159 -1 -0.000664074
3.76991 -0.809485 0.58714
4.39823 -0.309901 0.950769
5.02655 0.308006 0.951384
5.65487 0.808314 0.588752
6.28319 0.999999 0.00132815
6.9115 0.809875 -0.586603
7.53982 0.310532 -0.950563
8.16814 -0.307374 -0.951589
8.79646 -0.807923 -0.589289
9.42478 -0.999998 -0.00199222
10.0531 -0.810264 0.586065
10.6814 -0.311164 0.950356
11.3097 0.306742 0.951793
11.9381 0.807531 0.589825
12.5664 0.999996 0.00265629