0 1 0
0.628319 0.809017 -0.587785
1.25664 0.309018 -0.951056
1.88496 -0.309016 -0.951057
2.51327 -0.809016 -0.587786
3.14159 -1 -1.88836e-06
3.76991 -0.809018 0.587783
4.39823 -0.30902 0.951056
5.02655 0.309014 0.951057
5.65487 0.809015 0.587788
6.28319 1 3.77672e-06
6.9115 0.809019 -0.587782
7.53982 0.309021 -0.951055
8.16814 -0.309012 -0.951058
8.79646 -0.809014 -0.58779
9.42478 -1 -5.66509e-06
10.0531 -0.809021 0.58778
10.6814 -0.309023 0.951055
11.3097 0.309011 0.951059
11.9381 0.809013 0.587791
12.5664 1 7.55345e-06