0 1 0
0.628319 0.809011 -0.58778
1.25664 0.309014 -0.95104
1.88496 -0.309007 -0.951034
2.51327 -0.808988 -0.587769
3.14159 -0.999958 -4.52764e-06
3.76991 -0.80898 0.587751
4.39823 -0.309005 0.950999
5.02655 0.308989 0.950995
5.65487 0.808951 0.587748
6.28319 0.999917 9.0549e-06
6.9115 0.808949 -0.587723
7.53982 0.308996 -0.950958
8.16814 -0.308972 -0.950957
8.79646 -0.808915 -0.587727
9.42478 -0.999875 -1.35818e-05
10.0531 -0.808918 0.587695
10.6814 -0.308988 0.950917
11.3097 0.308955 0.950919
11.9381 0.808879 0.587706
12.5664 0.999833 1.81083e-05